1000000000
4000000000
1000000000
3000000000
100000000
2900000000
100000000
2800000000
100000000
100000000
1000000000
1800000000
6100000000
6100000000
6100000000
2500000000
2500000000
100000000
2400000000
100000000
2400000000
100000000
2400000000
100000000
2400000000
100000000
2400000000
100000000
2400000000
100000000
2400000000
25000000000
25000000000
25000000000
25000000000
25000000000
5000000000
2500000000
2500000000
10000000000
10000000000
10000000000
10000000000
15000000000
15000000000
15000000000
50000000000
50000000000
50000000000
50000000000
50000000000
50000000000
50000000000
50000000000
50000000000
50000000000
27500000000
27500000000
27500000000
27500000000
27500000000
27500000000
40000000000
40000000000
40000000000
40000000000
40000000000
40000000000
40000000000
40000000000
10000000000
10000000000
50000000000
50000000000
50000000000
50000000000
50000000000
50000000000
50000000000
50000000000
50000000000
50000000000
15000000000
15000000000
15000000000
30000000000
30000000000
30000000000
30000000000
30000000000
30000000000
50000000000
50000000000
50000000000
50000000000
50000000000
50000000000
50000000000
50000000000
50000000000
50000000000
5000000000
100000000000
100000000000
100000000000
100000000000
100000000000
100000000000
100000000000
100000000000
100000000000
100000000000
100000000000
100000000000
100000000000
100000000000
100000000000
100000000000
100000000000
100000000000
100000000000
100000000000
15000000000
15000000000
15000000000
60000000000
60000000000
60000000000
60000000000
60000000000
60000000000
60000000000
60000000000
60000000000
60000000000
60000000000
60000000000
100000000000
100000000000
100000000000
100000000000
100000000000
100000000000
100000000000
100000000000
100000000000
100000000000
100000000000
100000000000
100000000000
100000000000
100000000000
100000000000
100000000000
100000000000
100000000000
100000000000